0 4.922780
1 5.045806
2 5.211139
3 5.336828
4 5.410749
5 5.473235
6 5.549479
7 5.609303
8 5.910455
9 5.803556
10 5.666922
11 5.563157
12 5.468107
13 5.320709
14 5.122570
15 4.972039
16 4.746153
17 4.517418
18 4.182619
19 3.860208
20 3.552589
21 3.207917
22 2.841738
23 2.590743
24 2.462444
25 2.273406
26 1.965867
27 1.633621
28 1.334498
29 1.091265
30 0.909196
31 0.809170
32 0.795157
33 0.569971
34 0.305521
35 0.175593
36 0.176383
37 0.174601
38 0.090784
39 -0.006256
40 -0.048521
41 -0.084908
42 -0.134226
43 -0.175889
44 -0.213840
45 -0.263297
46 -0.323602
47 -0.367783
48 -0.514274
49 -0.651225
50 -0.837668
51 -1.004875
52 -1.186127
53 -1.446996
54 -1.765465
55 -1.996079
56 -2.343165
57 -2.588004
58 -2.923054
59 -3.207382
60 -3.455193
61 -3.758766
62 -4.120944
63 -4.385026
64 -4.665767
65 -4.867187
66 -5.132659
67 -5.323192
68 -5.418848
69 -5.491943
70 -5.591877
71 -5.675859
72 -5.779544
73 -5.715067
74 -5.645754
75 -5.608469
76 -5.558854
77 -5.429147
78 -5.229556
79 -5.072657
80 -4.892869
81 -4.863758
82 -4.801473
83 -4.696379
84 -4.533473
85 -4.322335
86 -4.110571
87 -3.975415
88 -3.786907
89 -3.755366
90 -3.675930
91 -3.558356
92 -3.458246
93 -3.436727
94 -3.492690
95 -3.557204
96 -3.544844
97 -3.487159
98 -3.421741
99 -3.402599
100 -3.445724
101 -3.522698
102 -3.592764
103 -3.631196
104 -3.683761
105 -3.560596
106 -3.413807
107 -3.324028
108 -3.260486
109 -3.138416
110 -2.946112
111 -2.790656
112 -2.561943
113 -2.441062
114 -2.217204
115 -1.910084
116 -1.521471
117 -1.081213
118 -0.669683
119 -0.415663
120 -0.182078
121 0.147916
122 0.575427
123 0.894340
124 1.137491
125 1.465397
126 1.905584
127 2.244571
128 2.352184
129 2.529930
130 2.790541
131 3.026395
132 3.198803
133 3.328953
134 3.440562
135 3.512604
136 3.545694
137 3.623160
138 3.663134
139 3.585457
140 3.452430
141 3.402603
142 3.481836
143 3.587152
144 3.398089
145 3.508782
146 3.606377
147 3.594495
148 3.518331
149 3.504602
150 3.599595
151 3.708441
152 3.705434
153 3.877304
154 4.099335
155 4.258322
156 4.359212
157 4.480238
158 4.648758
159 4.782666
160 5.042033
161 5.135316
162 5.259537
163 5.354849
164 5.419760
165 5.490115
166 5.579156
167 5.647483
168 5.833383
169 5.757308
170 5.650815
171 5.555264
172 5.465701
173 5.356081
174 5.229758
175 5.139616
176 4.717723
177 4.508560
178 4.227903
179 3.991186
180 3.763025
181 3.446092
182 3.052363
183 2.762983
184 2.407052
185 2.278516
186 2.030101
187 1.707568
188 1.391904
189 1.167339
190 1.057019
191 1.026449
192 0.671663
193 0.532644
194 0.343854
195 0.202563
196 0.137375
197 0.112620
198 0.088099
199 0.065615
200 0.044257
201 0.039912
202 0.002570
203 -0.084492
204 -0.199382
205 -0.294437
206 -0.343045
207 -0.355384
208 -0.577179
209 -0.638734
210 -0.759777
211 -0.932787
212 -1.147748
213 -1.376307
214 -1.575652
215 -1.692757
216 -2.210776
217 -2.435412
218 -2.770552
219 -3.092647
220 -3.369281
221 -3.628521
222 -3.875063
223 -4.036845
224 -4.410529
225 -4.649158
226 -4.968198
227 -5.204082
228 -5.326168
229 -5.411098
230 -5.517354
231 -5.605031
232 -5.704241
233 -5.657640
234 -5.619733
235 -5.620944
236 -5.612121
237 -5.520865
238 -5.352619
239 -5.213552
240 -5.178563
241 -4.978860
242 -4.742038
243 -4.607800
244 -4.544411
245 -4.422150
246 -4.202211
247 -4.014485
248 -3.816773
249 -3.739999
250 -3.654112
251 -3.615287
252 -3.606091
253 -3.567755
254 -3.482557
255 -3.406272
256 -3.512963
257 -3.524012
258 -3.509575
259 -3.454631
260 -3.402427
261 -3.414512
262 -3.494559
263 -3.572638
264 -3.577626
265 -3.518300
266 -3.452003
267 -3.412294
268 -3.362854
269 -3.246660
270 -3.072549
271 -2.936738
272 -2.660483
273 -2.519763
274 -2.273128
275 -1.962193
276 -1.602467
277 -1.218512
278 -0.868948
279 -0.655207
280 -0.202264
281 0.068071
282 0.432920
283 0.734581
284 0.994694
285 1.324338
286 1.728632
287 2.026951
288 2.206514
289 2.469170
290 2.808760
291 3.040018
292 3.141654
293 3.218349
294 3.340068
295 3.448161
296 3.477669
297 3.566643
298 3.657306
299 3.671033
300 3.615641
301 3.563770
302 3.561966
303 3.585342
304 3.476987
305 3.497395
306 3.489574
307 3.434184
308 3.390593
309 3.439251
310 3.578094
311 3.702550
312 3.899190
313 3.858991
314 3.858867
315 3.971700
316 4.193612
317 4.442009
318 4.632977
319 4.728343
320 4.923470
321 5.103861
322 5.315059
323 5.422740
324 5.442597
325 5.488568
326 5.612777
327 5.731458
328 5.767538
329 5.740151
330 5.714201
331 5.692112
332 5.617146
333 5.437167
334 5.188658
335 5.003382
336 4.758334
337 4.534831
338 4.246447
339 4.032032
340 3.865142
341 3.633520
342 3.320881
343 3.080170
344 2.574764
345 2.322518
346 1.964215
347 1.659594
348 1.455307
349 1.303114
350 1.159672
351 1.059856
352 0.609366
353 0.509747
354 0.382237
355 0.295233
356 0.249781
357 0.201066
358 0.127528
359 0.066198
360 0.049770
361 -0.010875
362 -0.070663
363 -0.085202
364 -0.085273
365 -0.135658
366 -0.245973
367 -0.342463
368 -0.324419
369 -0.447004
370 -0.655912
371 -0.898957
372 -1.138480
373 -1.348124
374 -1.509949
375 -1.599131
376 -2.042955
377 -2.224483
378 -2.518831
379 -2.850050
380 -3.197215
381 -3.557092
382 -3.891838
383 -4.102024
384 -4.270903
385 -4.497489
386 -4.799405
387 -5.029111
388 -5.177583
389 -5.328955
390 -5.520452
391 -5.668705
392 -5.734780
393 -5.658345
394 -5.591381
395 -5.598195
396 -5.641486
397 -5.630165
398 -5.537637
399 -5.443067
400 -5.222367
401 -5.067342
402 -4.855478
403 -4.680878
404 -4.545177
405 -4.394958
406 -4.217460
407 -4.086816
408 -4.036690
409 -3.991673
410 -3.885996
411 -3.731836
412 -3.588224
413 -3.522803
414 -3.542209
415 -3.585930
416 -3.541375
417 -3.510088
418 -3.492074
419 -3.518308
420 -3.564352
421 -3.576884
422 -3.539556
423 -3.494568
424 -3.436314
425 -3.434515
426 -3.466862
427 -3.529315
428 -3.536381
429 -3.402051
430 -3.157015
431 -2.958432
432 -2.953303
433 -2.680002
434 -2.310162
435 -2.008516
436 -1.767491
437 -1.483201
438 -1.137827
439 -0.881883
440 -0.629475
441 -0.275034
442 0.200151
443 0.572389
444 0.837774
445 1.129531
446 1.491271
447 1.765232
448 2.037185
449 2.271411
450 2.563896
451 2.757137
452 2.871826
453 3.033889
454 3.282424
455 3.485472
456 3.551522
457 3.611866
458 3.666055
459 3.652483
460 3.572810
461 3.483335
462 3.430532
463 3.414972
464 3.479230
465 3.445602
466 3.404353
467 3.395964
468 3.457063
469 3.588636
470 3.744676
471 3.851010
472 3.689546
473 3.682716
474 3.745046
475 3.927405
476 4.185839
477 4.408754
478 4.528251
479 4.561976
480 4.571669
481 4.835228
482 5.180289
483 5.414200
484 5.490951
485 5.497928
486 5.523101
487 5.559727
488 5.681660
489 5.638833
490 5.599766
491 5.594063
492 5.589275
493 5.530418
494 5.416427
495 5.320446
496 4.954557
497 4.836669
498 4.621087
499 4.339132
500 4.014623
501 3.684482
502 3.400977
503 3.234903
504 2.947991
505 2.623879
506 2.183969
507 1.838188
508 1.613911
509 1.407858
510 1.164906
511 0.980521
