double ecg_signal = {0.350000000000000, ,0.350000000000000 ,0.350000000000000 ,0.350000000000000,0.350000000000000,0.350000000000000,0.350000000000000,
,0.350000000000000,0.350000000000000,0.0200000000000000,-0.210000000000000,-0.330000000000000,-0.370000000000000,-0.335000000000000,-0.285000000000000
,-0.230000000000000,-0.215000000000000,-0.200000000000000,-0.190000000000000,-0.200000000000000,-0.200000000000000,-0.210000000000000,-0.230000000000000
,-0.250000000000000,-0.255000000000000,-0.245000000000000,-0.240000000000000,-0.215000000000000,-0.235000000000000,-0.230000000000000,-0.230000000000000
,-0.205000000000000,-0.180000000000000,-0.165000000000000,-0.195000000000000,-0.210000000000000,-0.215000000000000,-0.195000000000000,-0.170000000000000
,-0.155000000000000,-0.175000000000000,-0.195000000000000,-0.210000000000000,-0.200000000000000,-0.200000000000000,-0.195000000000000,-0.185000000000000
,-0.185000000000000,-0.180000000000000,-0.175000000000000,-0.175000000000000,-0.165000000000000,-0.140000000000000,-0.120000000000000,-0.115000000000000
,-0.130000000000000,-0.155000000000000,-0.190000000000000,-0.190000000000000,-0.185000000000000,-0.180000000000000,-0.160000000000000,-0.140000000000000
,-0.130000000000000,-0.110000000000000,-0.120000000000000,-0.130000000000000,-0.130000000000000,-0.125000000000000,-0.0950000000000000,-0.0950000000000000
,-0.0900000000000000,-0.0800000000000000,-0.0750000000000000,-0.0700000000000000,-0.0750000000000000,-0.0650000000000000,-0.0550000000000000,-0.0600000000000000
,-0.0550000000000000,-0.0400000000000000,-0.0300000000000000,-0.0200000000000000,-0.0150000000000000,-0.0150000000000000,-0.0100000000000000,0.0150000000000000
,0.0350000000000000,0.0250000000000000,0.0150000000000000,0.0150000000000000,0.0250000000000000,0.0250000000000000,0.0400000000000000,0.0400000000000000
,0.0300000000000000,0.0150000000000000,0.0200000000000000,0.0350000000000000,0.0450000000000000,0.0500000000000000,0.0250000000000000,0.0200000000000000
,0.0200000000000000,0.0100000000000000,0.0100000000000000,0,-0.00500000000000000,-0.0250000000000000,-0.0200000000000000,-0.0300000000000000,-0.0300000000000000
,-0.0350000000000000,-0.0450000000000000,-0.0550000000000000,-0.0600000000000000,-0.0650000000000000,-0.0750000000000000,-0.0800000000000000,-0.0750000000000000
,-0.0750000000000000,-0.0750000000000000,-0.0700000000000000,-0.0750000000000000,-0.0800000000000000,-0.0900000000000000,-0.100000000000000,-0.0950000000000000
,-0.0950000000000000,-0.0850000000000000,-0.0950000000000000,-0.100000000000000,-0.100000000000000,-0.115000000000000,-0.115000000000000,-0.130000000000000
,-0.140000000000000,-0.150000000000000,-0.160000000000000,-0.145000000000000,-0.155000000000000,-0.160000000000000,-0.170000000000000,-0.185000000000000
,-0.175000000000000,-0.170000000000000,-0.165000000000000,-0.170000000000000,-0.170000000000000,-0.165000000000000,-0.180000000000000,-0.180000000000000
,-0.200000000000000,-0.200000000000000,-0.215000000000000,-0.205000000000000,-0.210000000000000,-0.205000000000000,-0.210000000000000,-0.220000000000000
,-0.225000000000000,-0.225000000000000,-0.240000000000000,-0.225000000000000,-0.210000000000000,-0.205000000000000,-0.195000000000000,-0.190000000000000
,-0.200000000000000,-0.190000000000000,-0.190000000000000,-0.185000000000000,-0.170000000000000,-0.170000000000000,-0.175000000000000,-0.165000000000000
,-0.165000000000000,-0.185000000000000,-0.185000000000000,-0.205000000000000,-0.205000000000000,-0.210000000000000,-0.195000000000000,-0.195000000000000
,-0.190000000000000,-0.195000000000000,-0.195000000000000,-0.195000000000000,-0.185000000000000,-0.175000000000000,-0.175000000000000,-0.200000000000000
,-0.225000000000000,-0.250000000000000,-0.240000000000000,-0.240000000000000,-0.240000000000000,-0.250000000000000,-0.260000000000000,-0.270000000000000
,-0.280000000000000,-0.305000000000000,-0.335000000000000,-0.350000000000000,-0.340000000000000,-0.285000000000000,-0.205000000000000,-0.135000000000000
,-0.0950000000000000,-0.0450000000000000,0.0100000000000000,0.0750000000000000,0.140000000000000,0.175000000000000,0.135000000000000,0.0450000000000000
,-0.155000000000000,-0.425000000000000,-0.710000000000000,-0.915000000000000,-1.09000000000000,-1.25500000000000,-1.39500000000000,-1.46500000000000
,-1.50500000000000,-1.49000000000000,-1.45000000000000,-1.39000000000000,-1.34000000000000,-1.27000000000000,-1.15500000000000,-1.02500000000000
,-0.950000000000000,-0.930000000000000,-0.930000000000000,-0.910000000000000,-0.885000000000000,-0.865000000000000,-0.840000000000000,-0.800000000000000
,-0.755000000000000,-0.715000000000000,-0.660000000000000,-0.630000000000000,-0.580000000000000,-0.540000000000000,-0.510000000000000,-0.465000000000000
,-0.435000000000000,-0.395000000000000,-0.365000000000000,-0.315000000000000,-0.265000000000000,-0.200000000000000,-0.155000000000000,-0.0900000000000000
,-0.0400000000000000,-0.0150000000000000,-0.0100000000000000,0.00500000000000000,0.0300000000000000,0.0550000000000000,0.0800000000000000,0.0850000000000000
,0.0900000000000000,0.110000000000000,0.110000000000000,0.130000000000000,0.150000000000000,0.155000000000000,0.150000000000000,0.180000000000000,0.185000000000000
,0.205000000000000,0.220000000000000,0.235000000000000,0.235000000000000,0.255000000000000,0.270000000000000,0.290000000000000,0.290000000000000,0.300000000000000
,0.300000000000000,0.305000000000000,0.325000000000000,0.315000000000000,0.310000000000000,0.315000000000000,0.315000000000000,0.345000000000000,0.360000000000000
,0.370000000000000,0.375000000000000,0.375000000000000,0.365000000000000,0.375000000000000,0.385000000000000,0.410000000000000,0.405000000000000,0.400000000000000
,0.400000000000000,0.405000000000000,0.400000000000000,0.410000000000000,0.395000000000000,0.400000000000000,0.385000000000000,0.390000000000000,0.395000000000000
,0.385000000000000,0.380000000000000,0.355000000000000,0.355000000000000,0.355000000000000,0.350000000000000,0.325000000000000,0.300000000000000,0.280000000000000
,0.250000000000000,0.250000000000000,0.250000000000000,0.250000000000000,0.235000000000000,0.210000000000000,0.175000000000000,0.165000000000000,0.160000000000000
,0.145000000000000,0.140000000000000,0.145000000000000,0.130000000000000,0.100000000000000,0.0800000000000000,0.0400000000000000,0.0150000000000000,-0.0100000000000000
,-0.0250000000000000,-0.0250000000000000,-0.0300000000000000,-0.0400000000000000,-0.0450000000000000,-0.0700000000000000,-0.105000000000000,-0.0800000000000000,-0.0750000000000000
,-0.0850000000000000,-0.0900000000000000,-0.110000000000000,-0.130000000000000,-0.120000000000000,-0.115000000000000,-0.125000000000000,-0.150000000000000
,-0.170000000000000,-0.160000000000000,-0.160000000000000,-0.150000000000000,-0.155000000000000,-0.160000000000000,-0.170000000000000,-0.185000000000000,-0.180000000000000
,-0.180000000000000,-0.190000000000000,-0.180000000000000,-0.170000000000000,-0.160000000000000,-0.140000000000000,-0.140000000000000,-0.145000000000000,-0.170000000000000
,-0.180000000000000,-0.175000000000000,-0.160000000000000,-0.155000000000000,-0.155000000000000,-0.165000000000000,-0.150000000000000,-0.155000000000000,-0.150000000000000
,-0.145000000000000,-0.145000000000000,-0.165000000000000,-0.195000000000000,-0.205000000000000,-0.190000000000000,-0.180000000000000,-0.165000000000000,-0.170000000000000
,-0.160000000000000,-0.170000000000000,-0.165000000000000,-0.170000000000000,-0.170000000000000,-0.170000000000000,-0.170000000000000,-0.185000000000000,-0.190000000000000
,-0.180000000000000,-0.180000000000000,-0.180000000000000,-0.175000000000000,-0.200000000000000,-0.210000000000000,-0.200000000000000,-0.200000000000000,-0.210000000000000
,-0.215000000000000,-0.210000000000000,-0.200000000000000,-0.175000000000000,-0.160000000000000,-0.145000000000000,-0.145000000000000,-0.135000000000000,-0.140000000000000
,-0.135000000000000,-0.130000000000000,-0.120000000000000,-0.115000000000000,-0.110000000000000,-0.105000000000000,-0.100000000000000,-0.0950000000000000,-0.110000000000000
,-0.140000000000000,-0.175000000000000,-0.180000000000000,-0.180000000000000,-0.180000000000000,-0.165000000000000,-0.175000000000000,-0.175000000000000,-0.175000000000000
,-0.165000000000000,-0.165000000000000,-0.165000000000000,-0.175000000000000,-0.165000000000000,-0.160000000000000,-0.155000000000000,-0.150000000000000,-0.155000000000000
,-0.160000000000000,-0.160000000000000,-0.155000000000000,-0.145000000000000,-0.150000000000000,-0.150000000000000,-0.185000000000000,-0.200000000000000,-0.200000000000000
,-0.195000000000000,-0.190000000000000,-0.190000000000000,-0.195000000000000,-0.200000000000000,-0.195000000000000,-0.185000000000000,-0.175000000000000,-0.175000000000000
,-0.155000000000000,-0.170000000000000,-0.170000000000000,-0.165000000000000,-0.150000000000000,-0.160000000000000,-0.165000000000000,-0.175000000000000,-0.170000000000000
,-0.170000000000000,-0.185000000000000,-0.215000000000000,-0.225000000000000,-0.190000000000000,-0.125000000000000,-0.0400000000000000,0.0500000000000000,0.125000000000000
,0.215000000000000,0.320000000000000,0.415000000000000,0.500000000000000,0.605000000000000,0.725000000000000,0.845000000000000,0.940000000000000,1.06000000000000,1.11000000000000
,1.10000000000000,1.00500000000000,0.860000000000000,0.615000000000000,0.240000000000000,-0.110000000000000,-0.335000000000000,-0.460000000000000,-0.515000000000000,-0.540000000000000
,-0.510000000000000,-0.440000000000000,-0.385000000000000,-0.360000000000000,-0.350000000000000,-0.335000000000000,-0.320000000000000,-0.295000000000000,-0.300000000000000
,-0.300000000000000,-0.325000000000000,-0.335000000000000,-0.335000000000000};
