5.52
5.21
4.83
4.67
4.85
5.2
5.45
5.36
4.92
4.3
3.67
3.1
2.55
1.96
1.42
1.08
0.286
0.162
-0.0127
-0.141
-0.165
-0.114
-0.0871
-0.206
-0.546
-1.09
-1.74
-2.36
-2.84
-3.14
-3.28
-3.33
-5.2
-5.24
-5.29
-5.34
-5.36
-5.33
-5.25
-5.12
-4.93
-4.69
-4.41
-4.12
-3.85
-3.63
-3.47
-3.39
-3.09
-3.38
-3.74
-3.93
-3.83
-3.52
-3.16
-2.82
-2.44
-1.89
-1.14
-0.306
0.368
0.724
0.788
0.739
3.36
3.12
2.84
2.72
2.86
3.14
3.39
3.49
3.52
3.62
3.86
4.15
4.29
4.18
3.9
3.67
5.51
5.2
4.83
4.67
4.84
5.2
5.45
5.36
4.93
4.3
3.68
3.11
2.55
1.97
1.43
1.09
0.842
0.613
0.264
-0.0497
-0.208
-0.193
-0.0923
-0.0519
-0.2
-0.585
-1.16
-1.82
-2.43
-2.92
-3.24
-3.39
-5.19
-5.23
-5.29
-5.34
-5.37
-5.34
-5.26
-5.12
-4.92
-4.68
-4.41
-4.13
-3.86
-3.63
-3.47
-3.38
-3.1
-3.38
-3.74
-3.93
-3.83
-3.52
-3.15
-2.81
-2.44
-1.89
-1.13
-0.303
0.37
0.722
0.784
0.733
2.56
2.46
2.44
2.66
3.14
3.63
3.87
3.7
3.26
2.84
2.73
2.98
3.46
3.94
4.28
4.43
5.51
5.2
4.83
4.67
4.85
5.21
5.45
5.37
4.93
4.31
3.69
3.12
2.57
1.98
1.44
1.1
0.524
0.404
0.233
0.107
0.0817
0.132
0.158
0.0419
-0.294
-0.836
-1.49
-2.11
-2.59
-2.89
-3.03
-3.07
-5.19
-5.22
-5.28
-5.34
-5.37
-5.35
-5.27
-5.12
-4.93
-4.68
-4.41
-4.13
-3.86
-3.63
-3.46
-3.37
-3.09
-3.37
-3.74
-3.93
-3.84
-3.52
-3.15
-2.81
-2.44
-1.89
-1.14
-0.309
0.366
0.723
0.79
0.743
2.78
2.68
2.66
2.89
3.37
3.87
4.1
3.94
3.49
3.08
2.96
3.21
3.69
4.17
4.5
4.66
5.31
5.18
4.99
4.88
4.91
5.06
5.23
5.26
5.04
4.54
3.83
3.06
2.35
1.81
1.47
1.31
