6.44
4.23
4.34
5.22
4.93
5.25
5.49
5.03
4.94
4.48
3.67
3.22
2.46
1.76
1.53
1.13
0.488
0.107
-0.248
-0.262
-0.0314
0.111
-0.0447
-0.401
-0.738
-1.04
-1.51
-2.24
-2.98
-3.36
-3.32
-3.15
-5.08
-5.48
-5.15
-5.26
-5.58
-5.15
-5.22
-5.33
-4.73
-4.7
-4.59
-3.91
-3.92
-3.77
-3.24
-3.5
-2.65
-3.93
-3.89
-3.6
-3.84
-3.5
-3.23
-2.99
-2.26
-1.82
-1.17
-0.288
0.057
0.858
1.32
0.315
3.96
2.41
2.53
3.21
3.01
3.01
3.15
3.48
3.86
3.53
3.67
4.32
4.13
4.16
4.28
3.4
5.86
4.95
4.53
4.78
4.95
5.21
5.6
5.35
4.56
4.24
4.12
3.26
2.2
1.81
1.59
1.14
1.18
0.327
0.0726
0.0204
-0.265
-0.00675
0.171
-0.383
-0.511
-0.304
-0.984
-1.89
-2.38
-3.09
-3.49
-3.08
-4.94
-5.7
-5.11
-5.07
-5.77
-5.21
-5.02
-5.45
-4.84
-4.47
-4.63
-4.1
-3.74
-3.73
-3.46
-3.36
-2.83
-3.82
-3.67
-3.63
-4.07
-3.56
-3.02
-2.84
-2.41
-2.02
-1.09
-0.0532
0.0738
0.633
1.21
0.488
3.12
1.69
2.34
3.18
2.93
3.61
4.02
3.4
3.3
3.14
2.66
2.8
3.33
4.13
4.59
4.13
6.43
4.22
4.34
5.22
4.93
5.25
5.49
5.04
4.95
4.49
3.68
3.23
2.47
1.78
1.55
1.15
1.14
-0.245
-0.08
0.444
0.129
0.153
0.173
-0.0161
-0.298
-1.08
-1.38
-1.58
-2.85
-3.36
-2.8
-2.97
-5.05
-5.46
-5.24
-5.14
-5.56
-5.39
-5.04
-5.25
-5.05
-4.46
-4.46
-4.31
-3.67
-3.59
-3.69
-3.24
-2.92
-3.54
-3.91
-3.76
-3.67
-3.69
-3.32
-2.65
-2.27
-2.05
-1.3
-0.15
0.528
0.563
0.629
0.904
3.07
2.34
2.59
2.99
3.38
4.11
3.92
3.59
3.85
3.26
2.71
3.2
3.6
4.24
4.83
4.37
6.08
4.4
4.57
5.2
5.02
5.32
5.15
4.75
5.23
4.83
3.61
3.15
2.49
1.54
1.37
1.5
