6.2
5.64
5.04
4.88
5.12
5.32
5.22
5.01
5.67
5.48
5.21
5.02
5.01
5.18
5.41
5.58
4.84
4.51
3.97
3.44
3.06
2.88
2.84
2.86
1.96
1.87
1.72
1.52
1.32
1.13
0.989
0.912
0.0785
0.0563
0.0303
0.0176
0.0177
0.0174
0.00906
-0.000642
0.55
0.369
0.113
-0.0692
-0.0732
0.0995
0.345
0.519
-0.475
-0.737
-1.14
-1.5
-1.69
-1.7
-1.6
-1.5
-2.57
-2.84
-3.25
-3.62
-3.82
-3.83
-3.74
-3.65
-5.12
-5.14
-5.17
-5.19
-5.2
-5.2
-5.21
-5.22
-4.93
-5.32
-5.68
-5.66
-5.42
-5.4
-5.74
-6.12
-3.87
-4.26
-4.62
-4.6
-4.36
-4.34
-4.68
-5.06
-3.14
-3.37
-3.71
-4.01
-4.13
-4.07
-3.91
-3.79
-2.83
-3.35
-3.86
-3.9
-3.54
-3.22
-3.23
-3.39
-2.82
-3.2
-3.55
-3.53
-3.3
-3.28
-3.62
-4.0
-2.66
-2.81
-2.71
-2.1
-1.22
-0.591
-0.473
-0.605
-0.291
-0.429
-0.32
0.297
1.18
1.8
1.91
1.77
2.61
2.22
1.94
2.2
2.89
3.5
3.72
3.69
3.82
3.48
3.22
3.35
3.71
3.85
3.6
3.26
4.13
3.75
3.4
3.42
3.66
3.68
3.33
2.94
5.14
4.58
3.98
3.82
4.06
4.26
4.16
3.95
6.2
5.64
5.04
4.89
5.12
5.32
5.23
5.02
5.66
5.47
5.21
5.02
5.01
5.18
5.42
5.59
4.4
4.13
3.73
3.36
3.16
3.15
3.24
3.33
2.23
1.81
1.4
1.35
1.51
1.46
1.07
0.659
0.0665
0.0531
0.0347
0.0206
0.0137
0.011
0.00871
0.00669
0.828
0.311
-0.203
-0.249
0.107
0.415
0.403
0.24
-0.493
-0.746
-1.14
-1.5
-1.69
-1.7
-1.59
-1.49
-2.52
-2.61
-2.77
-2.96
-3.17
-3.35
-3.5
-3.59
-4.67
-4.76
-4.91
-5.1
-5.29
-5.46
-5.59
-5.67
-4.93
-5.32
-5.68
-5.66
-5.42
-5.4
-5.74
-6.12
-3.58
-4.14
-4.74
-4.89
-4.66
-4.46
-4.56
-4.76
-3.17
-3.56
-3.91
-3.89
-3.65
-3.63
-3.98
-4.36
-2.79
-3.02
-3.36
-3.65
-3.78
-3.72
-3.56
-3.44
-2.81
-3.2
-3.56
-3.54
-3.3
-3.28
-3.62
-4.0
-2.18
-2.39
-2.43
-2.0
-1.31
-0.867
-0.891
-1.1
-0.303
-0.442
-0.335
0.281
1.16
1.78
1.89
1.76
2.6
2.21
1.93
2.19
2.88
3.5
3.72
3.68
4.44
3.87
3.28
3.12
3.36
3.55
3.46
3.25
3.82
3.43
3.07
3.09
3.32
3.35
3.01
2.63
4.25
4.2
4.09
3.97
3.85
3.74
3.65
3.61
6.21
5.64
5.05
4.89
5.13
5.32
5.23
5.02
5.66
5.48
5.21
5.03
5.02
5.18
5.42
5.59
4.72
4.45
4.05
3.69
3.49
3.49
3.58
3.67
1.97
1.88
1.72
1.53
1.33
1.15
1.01
0.938
0.0605
0.0509
0.0385
0.0296
0.0247
0.0197
0.0126
0.00677
0.553
0.368
0.11
-0.071
-0.0713
0.103
0.345
0.515
-0.431
-0.51
-0.655
-0.842
-1.04
-1.22
-1.36
-1.44
-1.77
-2.1
-2.63
-3.17
-3.56
-3.74
-3.77
-3.74
-4.66
-4.75
-4.91
-5.09
-5.28
-5.46
-5.6
-5.69
-4.94
-5.33
-5.67
-5.65
-5.42
-5.4
-5.74
-6.13
-5.06
-5.45
-5.73
-5.47
-4.79
-4.17
-3.95
-3.99
-3.14
-3.37
-3.71
-4.01
-4.13
-4.07
-3.91
-3.79
-3.14
-3.48
-3.73
-3.6
-3.23
-3.09
-3.35
-3.69
-2.8
-3.2
-3.56
-3.55
-3.31
-3.28
-3.62
-3.99
-2.24
-2.63
-2.91
-2.65
-1.96
-1.34
-1.12
-1.16
-0.346
-0.661
-0.803
-0.362
0.52
1.31
1.67
1.71
2.27
1.88
1.6
1.86
2.55
3.16
3.38
3.35
4.12
3.61
3.1
3.05
3.41
3.73
3.72
3.56
4.14
3.75
3.39
3.41
3.64
3.67
3.33
2.95
4.24
4.18
4.08
3.97
3.84
3.73
3.64
3.59
5.88
5.31
4.71
4.56
4.8
4.99
4.9
4.69
5.65
5.46
5.2
5.02
5.02
5.2
5.44
5.61
4.74
4.48
4.08
3.71
3.51
3.49
3.59
3.69
2.33
2.23
2.06
1.86
1.66
1.48
1.33
1.25
