16.026
5.094
-2.65483
0.65534
0.65485
0.65535
0.65519
0.65526
-4.65493
5.032
-1.65459
0.089
0.65511
0.027
0.65535
0.021
-18.65443
-2.65468
1.052
0.063
0.013
0.026
0.007
0.017
-7.65479
-6.65447
2.093
0.65472
0.036
0.65517
0.006
0.65529
14.030
-1.65470
0.014
0.65441
0.009
0.65514
0.002
0.65529
16.034
5.077
-2.65456
0.65532
0.65504
0.65533
0.65509
0.007
-3.65447
5.013
-1.65477
1.015
0.65513
0.026
0.65516
0.034
-18.65438
-2.65481
1.055
0.078
0.032
0.008
0.010
0.023
-7.65446
-6.65459
2.081
0.65477
0.030
0.65510
0.019
0.000
13.091
-1.65478
0.021
-1.65534
0.65524
0.65511
0.002
0.65520
16.059
5.058
-2.65477
0.65532
0.65502
0.65532
0.65519
0.65520
-3.65465
5.011
-1.65458
0.086
0.65513
0.018
0.65531
0.008
-18.65439
-2.65492
1.075
0.076
0.035
0.005
0.004
0.001
-7.65442
-6.65477
2.095
0.65487
0.045
0.65514
0.002
0.012
14.012
-1.65475
0.004
-1.65532
0.65532
0.65504
0.000
0.65530
16.052
5.044
-2.65478
0.65527
0.65493
0.013
0.65517
0.65521
