5.89
5.05
4.38
4.56
5.21
5.5
5.29
5.02
4.88
4.55
3.83
3.0
2.4
1.96
1.49
1.09
0.484
0.113
-0.247
-0.269
-0.0294
0.115
-0.0484
-0.404
-0.734
-1.04
-1.52
-2.24
-2.97
-3.36
-3.33
-3.15
-5.19
-5.24
-5.3
-5.34
-5.35
-5.33
-5.26
-5.12
-4.93
-4.68
-4.41
-4.13
-3.85
-3.62
-3.47
-3.39
-2.91
-3.49
-3.96
-3.91
-3.6
-3.45
-3.36
-2.97
-2.29
-1.69
-1.2
-0.535
0.344
0.943
0.897
0.562
3.54
3.01
2.61
2.74
3.09
3.21
3.18
3.34
3.67
3.83
3.8
3.92
4.27
4.4
4.01
3.49
5.71
5.16
4.6
4.54
4.98
5.43
5.49
5.17
4.73
4.35
3.91
3.24
2.43
1.75
1.39
1.28
1.04
0.562
0.0252
-0.177
-0.0676
0.0376
-0.0577
-0.252
-0.385
-0.529
-0.938
-1.7
-2.56
-3.13
-3.28
-3.21
-5.18
-5.23
-5.3
-5.34
-5.36
-5.34
-5.27
-5.13
-4.92
-4.67
-4.41
-4.13
-3.86
-3.63
-3.47
-3.39
-3.09
-3.38
-3.75
-3.93
-3.83
-3.51
-3.15
-2.82
-2.44
-1.89
-1.13
-0.299
0.366
0.716
0.783
0.739
2.74
2.35
2.21
2.68
3.37
3.7
3.66
3.55
3.4
3.05
2.66
2.75
3.44
4.16
4.39
4.25
5.89
5.05
4.38
4.56
5.21
5.5
5.3
5.03
4.89
4.56
3.85
3.02
2.41
1.98
1.51
1.12
0.719
0.357
0.00328
-0.0211
0.213
0.36
0.201
-0.153
-0.485
-0.788
-1.26
-1.98
-2.72
-3.11
-3.07
-2.88
-5.18
-5.22
-5.29
-5.34
-5.37
-5.35
-5.27
-5.13
-4.93
-4.68
-4.41
-4.13
-3.86
-3.63
-3.46
-3.37
-3.08
-3.38
-3.74
-3.93
-3.83
-3.52
-3.16
-2.82
-2.43
-1.89
-1.14
-0.313
0.365
0.727
0.792
0.741
2.96
2.58
2.44
2.91
3.6
3.93
3.9
3.79
3.64
3.28
2.89
2.98
3.66
4.39
4.61
4.48
5.68
5.02
4.55
4.77
5.27
5.35
5.07
4.92
4.99
4.79
3.99
2.95
2.2
1.81
1.53
1.32
