15.002
0.65474
15.047
0.084
10.041
2.005
4.040
1.064
0.080
0.062
0.65480
0.029
-3.65504
1.037
-9.65491
1.089
-14.65448
0.090
-15.65481
0.65475
-12.65458
0.65445
-10.65522
0.65507
-9.65446
0.011
-9.65514
0.65459
-4.65484
-2.65522
2.089
-2.65517
8.053
-1.65525
10.000
0.012
10.004
0.65521
12.008
0.65440
15.015
0.65481
15.053
0.065
10.075
1.080
4.061
1.045
0.076
0.055
0.65494
0.044
-3.65529
1.012
-8.65439
1.075
-14.65486
1.008
-15.65472
0.65497
-12.65441
0.65438
-10.65516
0.65503
-9.65452
0.65535
-9.65498
0.65480
-4.65451
-1.65437
2.050
-2.65531
8.035
-1.65527
10.013
0.65535
9.089
0.65524
11.085
0.65445
15.019
0.65471
15.059
0.068
11.011
1.051
4.076
1.042
0.086
0.048
0.65504
0.030
-2.65457
1.028
-8.65475
2.002
-14.65514
1.027
-15.65453
0.65519
-13.65528
-1.65531
-10.65481
0.65484
-9.65439
0.001
-9.65486
0.65500
-5.65499
-1.65445
1.079
-2.65517
7.087
-1.65509
10.002
0.020
10.001
0.65500
11.055
0.65438
14.085
0.65450
15.066
0.028
11.068
1.073
5.021
1.080
