5.63
5.58
5.49
5.37
5.24
5.12
5.03
4.98
5.36
5.35
5.34
5.33
5.31
5.3
5.28
5.28
4.53
4.38
4.11
3.75
3.35
2.99
2.72
2.57
1.95
1.87
1.72
1.53
1.32
1.13
0.986
0.907
0.0587
0.0541
0.0455
0.0343
0.0222
0.0111
0.00251
-0.00212
0.246
0.244
0.24
0.234
0.229
0.223
0.219
0.217
-0.784
-0.861
-1.0
-1.19
-1.39
-1.58
-1.72
-1.8
-2.88
-2.96
-3.11
-3.31
-3.52
-3.72
-3.87
-3.95
-5.14
-5.14
-5.16
-5.17
-5.19
-5.21
-5.22
-5.23
-5.21
-5.26
-5.35
-5.47
-5.6
-5.72
-5.81
-5.86
-4.15
-4.2
-4.29
-4.41
-4.54
-4.66
-4.75
-4.8
-3.45
-3.49
-3.59
-3.7
-3.83
-3.95
-4.04
-4.09
-3.41
-3.41
-3.41
-3.41
-3.41
-3.42
-3.42
-3.42
-3.09
-3.14
-3.23
-3.35
-3.48
-3.6
-3.69
-3.73
-2.95
-2.75
-2.38
-1.9
-1.39
-0.908
-0.542
-0.344
-0.564
-0.365
0.00101
0.48
0.998
1.48
1.84
2.04
2.04
2.16
2.39
2.69
3.01
3.31
3.54
3.66
3.54
3.54
3.54
3.54
3.53
3.53
3.53
3.53
3.86
3.81
3.72
3.6
3.47
3.35
3.26
3.22
4.57
4.52
4.43
4.31
4.18
4.06
3.97
3.92
5.63
5.58
5.49
5.37
5.24
5.13
5.04
4.99
5.35
5.35
5.34
5.33
5.32
5.3
5.3
5.29
4.09
4.01
3.86
3.67
3.46
3.26
3.11
3.03
1.95
1.87
1.73
1.54
1.33
1.15
1.0
0.923
0.0538
0.0497
0.0421
0.0322
0.0215
0.0116
0.004
-0.000102
0.253
0.25
0.244
0.236
0.227
0.219
0.213
0.21
-0.796
-0.872
-1.01
-1.19
-1.39
-1.57
-1.71
-1.79
-2.53
-2.61
-2.76
-2.95
-3.16
-3.36
-3.51
-3.59
-4.69
-4.76
-4.9
-5.08
-5.28
-5.46
-5.6
-5.68
-5.21
-5.26
-5.35
-5.47
-5.6
-5.72
-5.81
-5.86
-4.15
-4.2
-4.29
-4.41
-4.54
-4.66
-4.75
-4.79
-3.45
-3.49
-3.59
-3.7
-3.83
-3.95
-4.04
-4.09
-3.09
-3.14
-3.23
-3.35
-3.48
-3.6
-3.69
-3.73
-3.09
-3.14
-3.23
-3.35
-3.48
-3.6
-3.69
-3.73
-2.46
-2.33
-2.11
-1.81
-1.48
-1.19
-0.958
-0.834
-0.577
-0.379
-0.0128
0.466
0.984
1.46
1.83
2.03
2.03
2.15
2.38
2.68
3.0
3.3
3.53
3.65
3.86
3.81
3.72
3.6
3.48
3.36
3.27
3.22
3.53
3.49
3.4
3.28
3.15
3.03
2.94
2.89
4.24
4.19
4.1
3.98
3.86
3.74
3.65
3.6
5.63
5.58
5.49
5.37
5.25
5.13
5.04
4.99
5.36
5.35
5.34
5.33
5.32
5.31
5.3
5.29
4.41
4.33
4.18
4.0
3.79
3.6
3.46
3.38
1.95
1.87
1.73
1.54
1.34
1.15
1.01
0.93
0.0539
0.0504
0.0437
0.0351
0.0257
0.0171
0.0105
0.00687
0.246
0.244
0.24
0.235
0.229
0.223
0.219
0.217
-0.434
-0.511
-0.653
-0.838
-1.04
-1.22
-1.37
-1.44
-2.08
-2.23
-2.5
-2.86
-3.26
-3.62
-3.89
-4.04
-4.68
-4.75
-4.9
-5.08
-5.28
-5.47
-5.61
-5.69
-5.21
-5.26
-5.35
-5.47
-5.6
-5.72
-5.81
-5.86
-5.64
-5.52
-5.29
-4.99
-4.67
-4.37
-4.14
-4.02
-3.45
-3.49
-3.59
-3.7
-3.83
-3.95
-4.04
-4.09
-3.41
-3.41
-3.41
-3.41
-3.41
-3.41
-3.41
-3.41
-3.09
-3.14
-3.23
-3.35
-3.48
-3.6
-3.69
-3.73
-2.81
-2.69
-2.46
-2.16
-1.84
-1.54
-1.31
-1.19
-0.921
-0.722
-0.356
0.122
0.64
1.12
1.49
1.68
1.69
1.82
2.05
2.34
2.67
2.97
3.19
3.32
3.55
3.54
3.54
3.54
3.53
3.53
3.53
3.53
3.86
3.81
3.72
3.6
3.47
3.35
3.26
3.21
4.23
4.18
4.09
3.97
3.84
3.73
3.64
3.59
5.3
5.25
5.16
5.04
4.92
4.8
4.71
4.66
5.34
5.34
5.33
5.33
5.32
5.32
5.31
5.31
4.44
4.36
4.21
4.02
3.81
3.62
3.47
3.39
2.3
2.22
2.08
1.88
1.67
1.48
1.33
1.25
