15.002
0.65474
0.65525
0.65528
0.007
0.65533
15.047
0.084
0.65528
0.012
0.65515
0.010
10.041
2.005
0.65532
0.017
0.65525
0.65532
4.040
1.064
0.016
0.004
0.031
0.65532
0.080
0.062
0.023
0.022
0.65524
0.65535
0.65480
0.029
0.65535
0.003
0.65531
0.002
-3.65504
1.037
0.65519
0.015
0.65533
0.65532
-9.65491
1.089
0.65533
0.022
0.008
0.000
-14.65448
0.090
0.021
0.014
0.009
0.000
-15.65481
0.65475
0.017
0.65524
0.014
0.65520
-12.65458
0.65445
0.019
0.65534
0.012
0.65527
-10.65522
0.65507
0.65519
0.007
0.65524
0.015
-9.65446
0.011
0.65519
0.65533
0.65529
0.65526
-9.65514
0.65459
0.005
0.65521
0.008
0.65529
-4.65484
-2.65522
0.024
0.65531
0.008
0.009
2.089
-2.65517
0.001
0.65503
0.026
0.65529
8.053
-1.65525
0.65517
0.65528
0.65525
0.004
10.000
0.012
0.005
0.65517
0.002
0.65523
10.004
0.65521
0.000
0.65517
0.001
0.65535
12.008
0.65440
0.65529
0.65521
0.65522
0.65533
15.015
0.65481
0.65532
0.65529
0.65533
0.65523
15.053
0.065
0.65534
0.006
0.000
0.010
10.075
1.080
0.65522
0.022
0.020
0.65534
4.061
1.045
0.018
0.65531
0.011
0.000
0.076
0.055
0.021
0.007
0.005
0.002
0.65494
0.044
0.65535
0.65532
0.65515
0.65532
-3.65529
1.012
0.65526
0.001
0.004
0.000
-8.65439
1.075
0.011
0.012
0.65535
0.65530
-14.65486
1.008
0.027
0.016
0.000
0.024
-15.65472
0.65497
0.017
0.65524
0.65529
0.65523
-12.65441
0.65438
0.65534
0.65513
0.65518
0.65530
-10.65516
0.65503
0.000
0.65526
0.65532
0.65534
-9.65452
0.65535
0.65524
0.008
0.007
0.65534
-9.65498
0.65480
0.014
0.65526
0.65535
0.65525
-4.65451
-1.65437
0.013
0.65531
0.008
0.004
2.050
-2.65531
0.005
0.65511
0.003
0.65515
8.035
-1.65527
0.65508
0.65516
0.65535
0.65502
10.013
0.65535
0.65524
0.65526
0.001
0.010
9.089
0.65524
0.019
0.65524
0.003
0.65531
11.085
0.65445
0.025
0.007
0.65534
0.010
15.019
0.65471
0.65525
0.65517
0.65534
0.65535
15.059
0.068
0.65507
0.010
0.005
0.004
11.011
1.051
0.65533
0.023
0.005
0.65532
4.076
1.042
0.028
0.013
0.65534
0.013
0.086
0.048
0.007
0.008
0.002
0.65535
0.65504
0.030
0.65530
0.010
0.65534
0.65532
-2.65457
1.028
0.006
0.002
0.004
0.010
-8.65475
2.002
0.65531
0.008
0.004
0.65525
-14.65514
1.027
0.014
0.018
0.65519
0.009
-15.65453
0.65519
0.003
0.65522
0.015
0.010
-13.65528
-1.65531
0.65532
0.65524
0.65531
0.006
-10.65481
0.65484
0.65520
0.007
0.004
0.003
-9.65439
0.001
0.002
0.65529
0.017
0.65534
-9.65486
0.65500
0.036
0.65522
0.011
0.65525
-5.65499
-1.65445
0.65533
0.65513
0.005
0.65532
1.079
-2.65517
0.65522
0.65507
0.65521
0.65519
7.087
-1.65509
0.65531
0.65512
0.65529
0.65519
10.002
0.020
0.65522
0.65529
0.65519
0.004
10.001
0.65500
0.025
0.65535
0.65528
0.000
11.055
0.65438
0.007
0.011
0.000
0.005
14.085
0.65450
0.65495
0.65520
0.012
0.002
15.066
0.028
0.65527
0.009
0.65529
0.004
11.068
1.073
0.65528
0.002
0.006
0.012
5.021
1.080
0.025
0.023
0.003
0.005
