6.38
5.31
5.1
5.16
4.85
5.25
5.54
4.83
5.9
5.24
4.98
5.26
5.24
4.94
5.18
5.81
5.26
3.95
3.81
3.94
3.02
2.58
2.93
2.91
2.15
1.54
1.77
1.81
1.06
1.06
1.3
0.741
0.492
-0.497
-0.137
0.522
-0.0231
-0.278
0.0988
0.049
0.782
0.136
-0.119
0.163
0.158
-0.132
0.114
0.75
-0.0611
-1.29
-1.3
-0.994
-1.73
-1.99
-1.51
-1.45
-2.56
-2.84
-3.25
-3.61
-3.81
-3.83
-3.74
-3.65
-5.12
-5.14
-5.17
-5.18
-5.19
-5.21
-5.22
-5.22
-4.75
-5.65
-5.62
-5.38
-5.69
-5.47
-5.42
-6.3
-3.69
-4.59
-4.56
-4.32
-4.63
-4.41
-4.36
-5.24
-2.9
-3.61
-3.94
-3.77
-3.91
-4.3
-4.14
-3.56
-2.42
-3.9
-4.02
-3.39
-3.58
-3.52
-3.14
-3.34
-2.63
-3.53
-3.49
-3.26
-3.57
-3.34
-3.3
-4.18
-2.66
-2.82
-2.71
-2.09
-1.22
-0.595
-0.472
-0.605
-0.0995
-0.76
-0.266
0.579
0.916
1.72
2.22
1.6
2.84
1.99
1.71
2.43
3.12
3.27
3.49
3.92
4.0
3.16
3.28
3.63
3.44
3.79
3.92
3.08
4.31
3.42
3.46
3.69
3.38
3.61
3.65
2.76
5.56
4.03
3.81
4.33
4.02
3.96
4.25
4.0
6.62
5.09
4.88
5.39
5.08
5.03
5.32
5.07
5.66
5.47
5.21
5.03
5.01
5.18
5.43
5.59
4.59
3.81
3.78
3.64
2.89
3.08
3.55
3.15
2.23
1.81
1.4
1.35
1.51
1.46
1.06
0.663
0.0688
0.0503
0.0331
0.0232
0.0147
0.00904
0.00792
0.0079
1.24
-0.242
-0.371
0.255
0.0658
0.12
0.492
0.29
-0.492
-0.748
-1.14
-1.5
-1.69
-1.7
-1.59
-1.48
-2.11
-3.16
-2.94
-2.46
-3.21
-3.65
-3.41
-3.54
-4.66
-4.77
-4.91
-5.09
-5.3
-5.46
-5.58
-5.68
-4.52
-5.88
-5.85
-5.16
-5.47
-5.69
-5.65
-6.07
-3.16
-4.69
-4.91
-4.39
-4.7
-4.76
-4.47
-4.71
-2.76
-4.11
-4.07
-3.38
-3.69
-3.92
-3.89
-4.31
-2.6
-3.34
-3.3
-3.38
-4.05
-3.78
-3.24
-3.61
-2.4
-3.76
-3.72
-3.03
-3.34
-3.57
-3.53
-3.95
-2.17
-2.4
-2.43
-1.99
-1.31
-0.87
-0.892
-1.1
-0.12
-0.764
-0.272
0.555
0.892
1.72
2.21
1.58
3.02
1.66
1.77
2.7
2.84
3.2
3.81
3.73
4.44
3.87
3.28
3.12
3.35
3.55
3.46
3.25
4.0
3.1
3.13
3.36
3.05
3.28
3.33
2.45
4.49
3.96
3.86
4.21
4.07
3.5
3.43
3.84
6.62
5.09
4.88
5.39
5.08
5.03
5.32
5.07
5.67
5.47
5.21
5.03
5.02
5.18
5.42
5.59
4.9
4.13
4.11
3.96
3.22
3.42
3.9
3.49
2.21
1.64
1.49
1.76
1.56
0.92
0.789
1.17
0.243
-0.271
0.102
0.303
-0.247
-0.045
0.333
-0.175
0.967
-0.185
-0.0581
0.433
-0.112
-0.193
0.435
0.565
-0.427
-0.517
-0.656
-0.836
-1.04
-1.23
-1.36
-1.44
-1.59
-2.43
-2.57
-2.9
-3.83
-3.8
-3.45
-3.92
-4.43
-4.99
-5.14
-4.86
-5.06
-5.69
-5.83
-5.46
-4.93
-5.34
-5.68
-5.64
-5.42
-5.4
-5.74
-6.12
-4.83
-5.69
-5.97
-5.24
-4.56
-4.4
-4.18
-3.76
-3.14
-3.37
-3.72
-4.01
-4.13
-4.07
-3.91
-3.79
-2.95
-3.8
-3.68
-3.32
-3.5
-3.16
-3.03
-3.86
-2.62
-3.52
-3.5
-3.27
-3.58
-3.35
-3.3
-4.17
-2.05
-2.95
-2.84
-2.37
-2.23
-1.41
-0.803
-1.34
0.0681
-1.21
-0.97
0.142
0.479
1.02
1.76
1.76
2.68
1.33
1.43
2.36
2.51
2.87
3.47
3.4
4.35
3.37
2.86
3.29
3.64
3.49
3.49
3.79
4.37
3.52
3.16
3.64
3.87
3.44
3.1
3.19
4.24
4.18
4.08
3.97
3.84
3.73
3.64
3.58
5.88
5.31
4.71
4.56
4.8
4.99
4.89
4.69
5.88
5.23
4.97
5.26
5.25
4.97
5.21
5.84
4.75
4.48
4.08
3.72
3.5
3.49
3.6
3.69
2.33
2.22
2.06
1.87
1.66
1.48
1.33
1.25
